Data for problem : Optimize assignment and schedule
 - number of task :
38
 - number of human resources :
7
 - human salary :
120 120 40 40 40 40 40
 - number of machine resources :
5
 - consuming of machine :
20 20 80 5 100
 - productivy of machine :
0.9 0.9 0.8 0.5 0.9
 - number of skills 
5
 - number of machine type
5
 - task duration , 1D array len = 38
1 1 2 5 2 5 2 2 1 5 2 2 2 1 5 2 5 2 5 1 1 2 5 2 5 2 2 1 5 2 2 2 1 5 2 5 2 5
 - dependency relationship : D = (t_i,t_j) 
 - size D :
36
1 2
2 3
3 4
4 5
5 6
5 7
7 8
8 9
6 10
10 11
11 12
12 13
13 14
14 15
15 16
16 17
16 18
17 19
20 21
21 22
22 23
23 24
24 25
24 26
26 27
27 28
25 29
29 30
30 31
31 32
32 33
33 34
34 35
35 36
35 37
36 38
 - TREQ matrix : size 38x5
1 1 0 0 0
1 1 0 0 0
1 0 0 0 0
0 0 1 0 0
0 0 0 1 0
0 0 0 0 1
1 0 0 0 0
1 0 0 0 0
1 0 0 0 0
0 0 1 0 0
0 0 0 0 1
1 0 0 0 0
1 0 0 0 0
1 1 0 0 0
0 0 1 0 0
0 0 1 0 0
0 0 0 0 1
1 0 0 0 0
0 0 0 0 1
1 1 0 0 0
1 1 0 0 0
1 0 0 0 0
0 0 1 0 0
0 0 0 1 0
0 0 0 0 1
1 0 0 0 0
1 0 0 0 0
1 0 0 0 0
0 0 1 0 0
0 0 0 0 1
1 0 0 0 0
1 0 0 0 0
1 1 0 0 0
0 0 1 0 0
0 0 1 0 0
0 0 0 0 1
1 0 0 0 0
0 0 0 0 1
 - LEXP matrix : size 7x5
0.97 0.86 0.00 0.00 0.00
0.86 0.97 0.00 0.00 0.00
0.00 0.00 0.5 0.52 0.9
0.00 0.00 0.5 0.52 0.9
0.00 0.00 0.91 0.91 0.95
0.00 0.00 0.5 0.52 0.95
0.00 0.00 0.91 0.52 0.95
  - MREQ matrix : 38 x 5 
1 1 0 0 0
1 1 0 0 0
1 0 0 0 0
0 0 1 0 0
0 0 0 1 0
0 0 0 0 0
1 0 0 0 0
1 0 0 0 0
1 0 0 0 0
0 0 1 0 0
0 0 0 0 0
1 0 0 0 0
1 0 0 0 0
1 1 0 0 0
0 0 1 0 0
0 0 1 0 0
0 0 0 0 0
1 0 0 0 0
0 0 0 0 1
1 1 0 0 0
1 1 0 0 0
1 0 0 0 0
0 0 1 0 0
0 0 0 1 0
0 0 0 0 0
1 0 0 0 0
1 0 0 0 0
1 0 0 0 0
0 0 1 0 0
0 0 0 0 0
1 0 0 0 0
1 0 0 0 0
1 1 0 0 0
0 0 1 0 0
0 0 1 0 0
0 0 0 0 0
1 0 0 0 0
0 0 0 0 1
 - MEXP matrix : size 7 x 5
0.97 0.86 0.00 0.00 0.00
0.86 0.97 0.00 0.00 0.00
0.00 0.00 0.5 0.52 0.9
0.00 0.00 0.5 0.52 0.9
0.00 0.00 0.91 0.91 0.95
0.00 0.00 0.5 0.52 0.95
0.00 0.00 0.91 0.52 0.95
