Data for problem : Optimize assignment and schedule
 - number of task :
19
 - number of human resources :
7
 - human salary :
22 22 9 9 9 9 9
 - number of machine resources :
5
 - consuming of machine :
0.2 0.2 0.8 0.4 0.8
 - productivy of machine :
0.9 0.9 0.8 0.5 0.9
 - number of skills 
5
 - task duration , 1D array len = 19
1 1 2 5 2 5 2 2 1 5 2 2 2 1 5 2 5 2 5
 - dependency relationship : D = (t_i,t_j) 
 - size D :
18
1 2
2 3
3 4
4 5
5 6
5 7
7 8
8 9
6 10
10 11
11 12
12 13
13 14
14 15
15 16
16 17
16 18
17 19
 - TREQ matrix : size 19x5
0 0 1 0 1
0 1 1 0 0
0 0 1 1 0
1 0 0 0 0
0 0 0 0 0
0 1 0 1 0
0 1 1 1 0
1 0 1 1 0
0 1 1 0 0
0 0 0 1 0
1 0 1 1 1
0 0 1 0 0
0 1 0 0 0
0 0 0 0 0
1 0 1 0 1
0 0 0 0 0
0 1 1 0 0
0 0 1 1 0
1 0 1 0 1
 - LEXP matrix : size 7x5
0.15 0.86 0.00 0.26 0.00
0.97 0.00 0.00 0.00 0.15
0.00 0.00 0.00 0.11 0.00
0.00 0.00 0.00 0.00 0.95
0.00 0.00 0.91 0.52 0.00
0.00 0.00 0.00 0.00 0.95
0.00 0.00 0.91 0.52 0.00
  - MREQ matrix : 19 x 5 
1 1 0 0 0
1 1 0 0 0
0 0 0 0 0
0 0 1 0 0
0 0 0 1 0
0 0 0 0 0
1 0 0 0 0
1 0 0 0 0
1 0 0 0 0
0 0 1 0 0
0 0 0 0 0
1 0 0 0 0
1 0 0 0 0
1 0 0 0 0
0 0 1 0 0
0 0 0 1 0
0 0 0 0 0
1 0 0 0 0
0 0 0 0 1
 - MEXP matrix : size 7 x 5
0.15 0.86 0.00 0.26 0.00
0.97 0.00 0.00 0.00 0.15
0.00 0.00 0.00 0.11 0.00
0.00 0.00 0.00 0.00 0.95
0.00 0.00 0.91 0.52 0.00
0.00 0.00 0.00 0.00 0.95
0.00 0.00 0.91 0.52 0.00
