Data for problem : Optimize assignment and schedule
 - number of task : 
380
 - number of human resources :
25
 - human salary :
120 120 120 120 120 40 40 40 40 40 40 40 40 40 40 40 40 40 40 40 40 40 40 40 40
 - number of machine resources :
5
 - consuming of machine :
20 20 5 5 100
 - productivity of machine :
0.8 0.9 0.5 0.9 0.8
 - number of skills :
5
 - number of machine type :
5
 - task duration , 1D array len = tasks number
1 1 2 5 2 5 2 2 1 5 2 2 2 1 5 2 5 2 5 1 1 2 5 2 5 2 2 1 5 2 2 2 1 5 2 5 2 5 1 1 2 5 2 5 2 2 1 5 2 2 2 1 5 2 5 2 5 1 1 2 5 2 5 2 2 1 5 2 2 2 1 5 2 5 2 5 1 1 2 5 2 5 2 2 1 5 2 2 2 1 5 2 5 2 5 1 1 2 5 2 5 2 2 1 5 2 2 2 1 5 2 5 2 5 1 1 2 5 2 5 2 2 1 5 2 2 2 1 5 2 5 2 5 1 1 2 5 2 5 2 2 1 5 2 2 2 1 5 2 5 2 5 1 1 2 5 2 5 2 2 1 5 2 2 2 1 5 2 5 2 5 1 1 2 5 2 5 2 2 1 5 2 2 2 1 5 2 5 2 5 1 1 2 5 2 5 2 2 1 5 2 2 2 1 5 2 5 2 5 1 1 2 5 2 5 2 2 1 5 2 2 2 1 5 2 5 2 5 1 1 2 5 2 5 2 2 1 5 2 2 2 1 5 2 5 2 5 1 1 2 5 2 5 2 2 1 5 2 2 2 1 5 2 5 2 5 1 1 2 5 2 5 2 2 1 5 2 2 2 1 5 2 5 2 5 1 1 2 5 2 5 2 2 1 5 2 2 2 1 5 2 5 2 5 1 1 2 5 2 5 2 2 1 5 2 2 2 1 5 2 5 2 5 1 1 2 5 2 5 2 2 1 5 2 2 2 1 5 2 5 2 5 1 1 2 5 2 5 2 2 1 5 2 2 2 1 5 2 5 2 5 1 1 2 5 2 5 2 2 1 5 2 2 2 1 5 2 5 2 5
 - dependency relationship : D = (t_i,t_j) 
 - size D : 
360
1 2
2 3
3 4
4 5
5 6
5 7
7 8
8 9
6 10
10 11
11 12
12 13
13 14
14 15
15 16
16 17
16 18
17 19
20 21
21 22
22 23
23 24
24 25
24 26
26 27
27 28
25 29
29 30
30 31
31 32
32 33
33 34
34 35
35 36
35 37
36 38
39 40
40 41
41 42
42 43
43 44
43 45
45 46
46 47
44 48
48 49
49 50
50 51
51 52
52 53
53 54
54 55
54 56
55 57
58 59
59 60
60 61
61 62
62 63
62 64
64 65
65 66
63 67
67 68
68 69
69 70
70 71
71 72
72 73
73 74
73 75
74 76
77 78
78 79
79 80
80 81
81 82
81 83
83 84
84 85
82 86
86 87
87 88
88 89
89 90
90 91
91 92
92 93
92 94
93 95
96 97
97 98
98 99
99 100
100 101
100 102
102 103
103 104
101 105
105 106
106 107
107 108
108 109
109 110
110 111
111 112
111 113
112 114
115 116
116 117
117 118
118 119
119 120
119 121
121 122
122 123
120 124
124 125
125 126
126 127
127 128
128 129
129 130
130 131
130 132
131 133
134 135
135 136
136 137
137 138
138 139
138 140
140 141
141 142
139 143
143 144
144 145
145 146
146 147
147 148
148 149
149 150
149 151
150 152
153 154
154 155
155 156
156 157
157 158
157 159
159 160
160 161
158 162
162 163
163 164
164 165
165 166
166 167
167 168
168 169
168 170
169 171
172 173
173 174
174 175
175 176
176 177
176 178
178 179
179 180
177 181
181 182
182 183
183 184
184 185
185 186
186 187
187 188
187 189
188 190
191 192
192 193
193 194
194 195
195 196
195 197
197 198
198 199
196 200
200 201
201 202
202 203
203 204
204 205
205 206
206 207
206 208
207 209
210 211
211 212
212 213
213 214
214 215
214 216
216 217
217 218
215 219
219 220
220 221
221 222
222 223
223 224
224 225
225 226
225 227
226 228
229 230
230 231
231 232
232 233
233 234
233 235
235 236
236 237
234 238
238 239
239 240
240 241
241 242
242 243
243 244
244 245
244 246
245 247
248 249
249 250
250 251
251 252
252 253
252 254
254 255
255 256
253 257
257 258
258 259
259 260
260 261
261 262
262 263
263 264
263 265
264 266
267 268
268 269
269 270
270 271
271 272
271 273
273 274
274 275
272 276
276 277
277 278
278 279
279 280
280 281
281 282
282 283
282 284
283 285
286 287
287 288
288 289
289 290
290 291
290 292
292 293
293 294
291 295
295 296
296 297
297 298
298 299
299 300
300 301
301 302
301 303
302 304
305 306
306 307
307 308
308 309
309 310
309 311
311 312
312 313
310 314
314 315
315 316
316 317
317 318
318 319
319 320
320 321
320 322
321 323
324 325
325 326
326 327
327 328
328 329
328 330
330 331
331 332
329 333
333 334
334 335
335 336
336 337
337 338
338 339
339 340
339 341
340 342
343 344
344 345
345 346
346 347
347 348
347 349
349 350
350 351
348 352
352 353
353 354
354 355
355 356
356 357
357 358
358 359
358 360
359 361
362 363
363 364
364 365
365 366
366 367
366 368
368 369
369 370
367 371
371 372
372 373
373 374
374 375
375 376
376 377
377 378
377 379
378 380
 - TREQ matrix : size 380x5 
1 1 0 0 0
1 1 0 0 0
1 0 0 0 0
0 0 1 0 0
0 0 0 1 0
0 0 0 0 1
1 0 0 0 0
1 0 0 0 0
1 0 0 0 0
0 0 1 0 0
0 0 0 0 1
1 0 0 0 0
1 0 0 0 0
1 1 0 0 0
0 0 1 0 0
0 0 1 0 0
0 0 0 0 1
1 0 0 0 0
0 0 0 0 1
1 1 0 0 0
1 1 0 0 0
1 0 0 0 0
0 0 1 0 0
0 0 0 1 0
0 0 0 0 1
1 0 0 0 0
1 0 0 0 0
1 0 0 0 0
0 0 1 0 0
0 0 0 0 1
1 0 0 0 0
1 0 0 0 0
1 1 0 0 0
0 0 1 0 0
0 0 1 0 0
0 0 0 0 1
1 0 0 0 0
0 0 0 0 1
1 1 0 0 0
1 1 0 0 0
1 0 0 0 0
0 0 1 0 0
0 0 0 1 0
0 0 0 0 1
1 0 0 0 0
1 0 0 0 0
1 0 0 0 0
0 0 1 0 0
0 0 0 0 1
1 0 0 0 0
1 0 0 0 0
1 1 0 0 0
0 0 1 0 0
0 0 1 0 0
0 0 0 0 1
1 0 0 0 0
0 0 0 0 1
1 1 0 0 0
1 1 0 0 0
1 0 0 0 0
0 0 1 0 0
0 0 0 1 0
0 0 0 0 1
1 0 0 0 0
1 0 0 0 0
1 0 0 0 0
0 0 1 0 0
0 0 0 0 1
1 0 0 0 0
1 0 0 0 0
1 1 0 0 0
0 0 1 0 0
0 0 1 0 0
0 0 0 0 1
1 0 0 0 0
0 0 0 0 1
1 1 0 0 0
1 1 0 0 0
1 0 0 0 0
0 0 1 0 0
0 0 0 1 0
0 0 0 0 1
1 0 0 0 0
1 0 0 0 0
1 0 0 0 0
0 0 1 0 0
0 0 0 0 1
1 0 0 0 0
1 0 0 0 0
1 1 0 0 0
0 0 1 0 0
0 0 1 0 0
0 0 0 0 1
1 0 0 0 0
0 0 0 0 1
1 1 0 0 0
1 1 0 0 0
1 0 0 0 0
0 0 1 0 0
0 0 0 1 0
0 0 0 0 1
1 0 0 0 0
1 0 0 0 0
1 0 0 0 0
0 0 1 0 0
0 0 0 0 1
1 0 0 0 0
1 0 0 0 0
1 1 0 0 0
0 0 1 0 0
0 0 1 0 0
0 0 0 0 1
1 0 0 0 0
0 0 0 0 1
1 1 0 0 0
1 1 0 0 0
1 0 0 0 0
0 0 1 0 0
0 0 0 1 0
0 0 0 0 1
1 0 0 0 0
1 0 0 0 0
1 0 0 0 0
0 0 1 0 0
0 0 0 0 1
1 0 0 0 0
1 0 0 0 0
1 1 0 0 0
0 0 1 0 0
0 0 1 0 0
0 0 0 0 1
1 0 0 0 0
0 0 0 0 1
1 1 0 0 0
1 1 0 0 0
1 0 0 0 0
0 0 1 0 0
0 0 0 1 0
0 0 0 0 1
1 0 0 0 0
1 0 0 0 0
1 0 0 0 0
0 0 1 0 0
0 0 0 0 1
1 0 0 0 0
1 0 0 0 0
1 1 0 0 0
0 0 1 0 0
0 0 1 0 0
0 0 0 0 1
1 0 0 0 0
0 0 0 0 1
1 1 0 0 0
1 1 0 0 0
1 0 0 0 0
0 0 1 0 0
0 0 0 1 0
0 0 0 0 1
1 0 0 0 0
1 0 0 0 0
1 0 0 0 0
0 0 1 0 0
0 0 0 0 1
1 0 0 0 0
1 0 0 0 0
1 1 0 0 0
0 0 1 0 0
0 0 1 0 0
0 0 0 0 1
1 0 0 0 0
0 0 0 0 1
1 1 0 0 0
1 1 0 0 0
1 0 0 0 0
0 0 1 0 0
0 0 0 1 0
0 0 0 0 1
1 0 0 0 0
1 0 0 0 0
1 0 0 0 0
0 0 1 0 0
0 0 0 0 1
1 0 0 0 0
1 0 0 0 0
1 1 0 0 0
0 0 1 0 0
0 0 1 0 0
0 0 0 0 1
1 0 0 0 0
0 0 0 0 1
1 1 0 0 0
1 1 0 0 0
1 0 0 0 0
0 0 1 0 0
0 0 0 1 0
0 0 0 0 1
1 0 0 0 0
1 0 0 0 0
1 0 0 0 0
0 0 1 0 0
0 0 0 0 1
1 0 0 0 0
1 0 0 0 0
1 1 0 0 0
0 0 1 0 0
0 0 1 0 0
0 0 0 0 1
1 0 0 0 0
0 0 0 0 1
1 1 0 0 0
1 1 0 0 0
1 0 0 0 0
0 0 1 0 0
0 0 0 1 0
0 0 0 0 1
1 0 0 0 0
1 0 0 0 0
1 0 0 0 0
0 0 1 0 0
0 0 0 0 1
1 0 0 0 0
1 0 0 0 0
1 1 0 0 0
0 0 1 0 0
0 0 1 0 0
0 0 0 0 1
1 0 0 0 0
0 0 0 0 1
1 1 0 0 0
1 1 0 0 0
1 0 0 0 0
0 0 1 0 0
0 0 0 1 0
0 0 0 0 1
1 0 0 0 0
1 0 0 0 0
1 0 0 0 0
0 0 1 0 0
0 0 0 0 1
1 0 0 0 0
1 0 0 0 0
1 1 0 0 0
0 0 1 0 0
0 0 1 0 0
0 0 0 0 1
1 0 0 0 0
0 0 0 0 1
1 1 0 0 0
1 1 0 0 0
1 0 0 0 0
0 0 1 0 0
0 0 0 1 0
0 0 0 0 1
1 0 0 0 0
1 0 0 0 0
1 0 0 0 0
0 0 1 0 0
0 0 0 0 1
1 0 0 0 0
1 0 0 0 0
1 1 0 0 0
0 0 1 0 0
0 0 1 0 0
0 0 0 0 1
1 0 0 0 0
0 0 0 0 1
1 1 0 0 0
1 1 0 0 0
1 0 0 0 0
0 0 1 0 0
0 0 0 1 0
0 0 0 0 1
1 0 0 0 0
1 0 0 0 0
1 0 0 0 0
0 0 1 0 0
0 0 0 0 1
1 0 0 0 0
1 0 0 0 0
1 1 0 0 0
0 0 1 0 0
0 0 1 0 0
0 0 0 0 1
1 0 0 0 0
0 0 0 0 1
1 1 0 0 0
1 1 0 0 0
1 0 0 0 0
0 0 1 0 0
0 0 0 1 0
0 0 0 0 1
1 0 0 0 0
1 0 0 0 0
1 0 0 0 0
0 0 1 0 0
0 0 0 0 1
1 0 0 0 0
1 0 0 0 0
1 1 0 0 0
0 0 1 0 0
0 0 1 0 0
0 0 0 0 1
1 0 0 0 0
0 0 0 0 1
1 1 0 0 0
1 1 0 0 0
1 0 0 0 0
0 0 1 0 0
0 0 0 1 0
0 0 0 0 1
1 0 0 0 0
1 0 0 0 0
1 0 0 0 0
0 0 1 0 0
0 0 0 0 1
1 0 0 0 0
1 0 0 0 0
1 1 0 0 0
0 0 1 0 0
0 0 1 0 0
0 0 0 0 1
1 0 0 0 0
0 0 0 0 1
1 1 0 0 0
1 1 0 0 0
1 0 0 0 0
0 0 1 0 0
0 0 0 1 0
0 0 0 0 1
1 0 0 0 0
1 0 0 0 0
1 0 0 0 0
0 0 1 0 0
0 0 0 0 1
1 0 0 0 0
1 0 0 0 0
1 1 0 0 0
0 0 1 0 0
0 0 1 0 0
0 0 0 0 1
1 0 0 0 0
0 0 0 0 1
1 1 0 0 0
1 1 0 0 0
1 0 0 0 0
0 0 1 0 0
0 0 0 1 0
0 0 0 0 1
1 0 0 0 0
1 0 0 0 0
1 0 0 0 0
0 0 1 0 0
0 0 0 0 1
1 0 0 0 0
1 0 0 0 0
1 1 0 0 0
0 0 1 0 0
0 0 1 0 0
0 0 0 0 1
1 0 0 0 0
0 0 0 0 1
1 1 0 0 0
1 1 0 0 0
1 0 0 0 0
0 0 1 0 0
0 0 0 1 0
0 0 0 0 1
1 0 0 0 0
1 0 0 0 0
1 0 0 0 0
0 0 1 0 0
0 0 0 0 1
1 0 0 0 0
1 0 0 0 0
1 1 0 0 0
0 0 1 0 0
0 0 1 0 0
0 0 0 0 1
1 0 0 0 0
0 0 0 0 1
 - LEXP matrix : size 25x5
0.86 0.97 0.00 0.00 0.00
0.86 0.97 0.00 0.00 0.00
0.97 0.86 0.00 0.00 0.00
0.97 0.86 0.00 0.00 0.00
0.97 0.86 0.00 0.00 0.00
0.00 0.00 0.91 0.91 0.95
0.00 0.00 0.5 0.52 0.9
0.00 0.00 0.91 0.91 0.95
0.00 0.00 0.91 0.91 0.95
0.00 0.00 0.5 0.52 0.9
0.00 0.00 0.91 0.91 0.95
0.00 0.00 0.5 0.52 0.9
0.00 0.00 0.91 0.91 0.95
0.00 0.00 0.91 0.91 0.95
0.00 0.00 0.5 0.52 0.9
0.00 0.00 0.91 0.91 0.95
0.00 0.00 0.91 0.91 0.95
0.00 0.00 0.5 0.52 0.9
0.00 0.00 0.91 0.91 0.95
0.00 0.00 0.5 0.52 0.9
0.00 0.00 0.5 0.52 0.9
0.00 0.00 0.5 0.52 0.9
0.00 0.00 0.91 0.91 0.95
0.00 0.00 0.5 0.52 0.9
0.00 0.00 0.5 0.52 0.9
 - MREQ matrix : size 380x5 
1 1 0 0 0
1 1 0 0 0
1 0 0 0 0
0 0 1 0 0
0 0 0 1 0
0 0 0 0 1
1 0 0 0 0
1 0 0 0 0
1 0 0 0 0
0 0 1 0 0
0 0 0 0 1
1 0 0 0 0
1 0 0 0 0
1 1 0 0 0
0 0 1 0 0
0 0 1 0 0
0 0 0 0 1
1 0 0 0 0
0 0 0 0 1
1 1 0 0 0
1 1 0 0 0
1 0 0 0 0
0 0 1 0 0
0 0 0 1 0
0 0 0 0 1
1 0 0 0 0
1 0 0 0 0
1 0 0 0 0
0 0 1 0 0
0 0 0 0 1
1 0 0 0 0
1 0 0 0 0
1 1 0 0 0
0 0 1 0 0
0 0 1 0 0
0 0 0 0 1
1 0 0 0 0
0 0 0 0 1
1 1 0 0 0
1 1 0 0 0
1 0 0 0 0
0 0 1 0 0
0 0 0 1 0
0 0 0 0 1
1 0 0 0 0
1 0 0 0 0
1 0 0 0 0
0 0 1 0 0
0 0 0 0 1
1 0 0 0 0
1 0 0 0 0
1 1 0 0 0
0 0 1 0 0
0 0 1 0 0
0 0 0 0 1
1 0 0 0 0
0 0 0 0 1
1 1 0 0 0
1 1 0 0 0
1 0 0 0 0
0 0 1 0 0
0 0 0 1 0
0 0 0 0 1
1 0 0 0 0
1 0 0 0 0
1 0 0 0 0
0 0 1 0 0
0 0 0 0 1
1 0 0 0 0
1 0 0 0 0
1 1 0 0 0
0 0 1 0 0
0 0 1 0 0
0 0 0 0 1
1 0 0 0 0
0 0 0 0 1
1 1 0 0 0
1 1 0 0 0
1 0 0 0 0
0 0 1 0 0
0 0 0 1 0
0 0 0 0 1
1 0 0 0 0
1 0 0 0 0
1 0 0 0 0
0 0 1 0 0
0 0 0 0 1
1 0 0 0 0
1 0 0 0 0
1 1 0 0 0
0 0 1 0 0
0 0 1 0 0
0 0 0 0 1
1 0 0 0 0
0 0 0 0 1
1 1 0 0 0
1 1 0 0 0
1 0 0 0 0
0 0 1 0 0
0 0 0 1 0
0 0 0 0 1
1 0 0 0 0
1 0 0 0 0
1 0 0 0 0
0 0 1 0 0
0 0 0 0 1
1 0 0 0 0
1 0 0 0 0
1 1 0 0 0
0 0 1 0 0
0 0 1 0 0
0 0 0 0 1
1 0 0 0 0
0 0 0 0 1
1 1 0 0 0
1 1 0 0 0
1 0 0 0 0
0 0 1 0 0
0 0 0 1 0
0 0 0 0 1
1 0 0 0 0
1 0 0 0 0
1 0 0 0 0
0 0 1 0 0
0 0 0 0 1
1 0 0 0 0
1 0 0 0 0
1 1 0 0 0
0 0 1 0 0
0 0 1 0 0
0 0 0 0 1
1 0 0 0 0
0 0 0 0 1
1 1 0 0 0
1 1 0 0 0
1 0 0 0 0
0 0 1 0 0
0 0 0 1 0
0 0 0 0 1
1 0 0 0 0
1 0 0 0 0
1 0 0 0 0
0 0 1 0 0
0 0 0 0 1
1 0 0 0 0
1 0 0 0 0
1 1 0 0 0
0 0 1 0 0
0 0 1 0 0
0 0 0 0 1
1 0 0 0 0
0 0 0 0 1
1 1 0 0 0
1 1 0 0 0
1 0 0 0 0
0 0 1 0 0
0 0 0 1 0
0 0 0 0 1
1 0 0 0 0
1 0 0 0 0
1 0 0 0 0
0 0 1 0 0
0 0 0 0 1
1 0 0 0 0
1 0 0 0 0
1 1 0 0 0
0 0 1 0 0
0 0 1 0 0
0 0 0 0 1
1 0 0 0 0
0 0 0 0 1
1 1 0 0 0
1 1 0 0 0
1 0 0 0 0
0 0 1 0 0
0 0 0 1 0
0 0 0 0 1
1 0 0 0 0
1 0 0 0 0
1 0 0 0 0
0 0 1 0 0
0 0 0 0 1
1 0 0 0 0
1 0 0 0 0
1 1 0 0 0
0 0 1 0 0
0 0 1 0 0
0 0 0 0 1
1 0 0 0 0
0 0 0 0 1
1 1 0 0 0
1 1 0 0 0
1 0 0 0 0
0 0 1 0 0
0 0 0 1 0
0 0 0 0 1
1 0 0 0 0
1 0 0 0 0
1 0 0 0 0
0 0 1 0 0
0 0 0 0 1
1 0 0 0 0
1 0 0 0 0
1 1 0 0 0
0 0 1 0 0
0 0 1 0 0
0 0 0 0 1
1 0 0 0 0
0 0 0 0 1
1 1 0 0 0
1 1 0 0 0
1 0 0 0 0
0 0 1 0 0
0 0 0 1 0
0 0 0 0 1
1 0 0 0 0
1 0 0 0 0
1 0 0 0 0
0 0 1 0 0
0 0 0 0 1
1 0 0 0 0
1 0 0 0 0
1 1 0 0 0
0 0 1 0 0
0 0 1 0 0
0 0 0 0 1
1 0 0 0 0
0 0 0 0 1
1 1 0 0 0
1 1 0 0 0
1 0 0 0 0
0 0 1 0 0
0 0 0 1 0
0 0 0 0 1
1 0 0 0 0
1 0 0 0 0
1 0 0 0 0
0 0 1 0 0
0 0 0 0 1
1 0 0 0 0
1 0 0 0 0
1 1 0 0 0
0 0 1 0 0
0 0 1 0 0
0 0 0 0 1
1 0 0 0 0
0 0 0 0 1
1 1 0 0 0
1 1 0 0 0
1 0 0 0 0
0 0 1 0 0
0 0 0 1 0
0 0 0 0 1
1 0 0 0 0
1 0 0 0 0
1 0 0 0 0
0 0 1 0 0
0 0 0 0 1
1 0 0 0 0
1 0 0 0 0
1 1 0 0 0
0 0 1 0 0
0 0 1 0 0
0 0 0 0 1
1 0 0 0 0
0 0 0 0 1
1 1 0 0 0
1 1 0 0 0
1 0 0 0 0
0 0 1 0 0
0 0 0 1 0
0 0 0 0 1
1 0 0 0 0
1 0 0 0 0
1 0 0 0 0
0 0 1 0 0
0 0 0 0 1
1 0 0 0 0
1 0 0 0 0
1 1 0 0 0
0 0 1 0 0
0 0 1 0 0
0 0 0 0 1
1 0 0 0 0
0 0 0 0 1
1 1 0 0 0
1 1 0 0 0
1 0 0 0 0
0 0 1 0 0
0 0 0 1 0
0 0 0 0 1
1 0 0 0 0
1 0 0 0 0
1 0 0 0 0
0 0 1 0 0
0 0 0 0 1
1 0 0 0 0
1 0 0 0 0
1 1 0 0 0
0 0 1 0 0
0 0 1 0 0
0 0 0 0 1
1 0 0 0 0
0 0 0 0 1
1 1 0 0 0
1 1 0 0 0
1 0 0 0 0
0 0 1 0 0
0 0 0 1 0
0 0 0 0 1
1 0 0 0 0
1 0 0 0 0
1 0 0 0 0
0 0 1 0 0
0 0 0 0 1
1 0 0 0 0
1 0 0 0 0
1 1 0 0 0
0 0 1 0 0
0 0 1 0 0
0 0 0 0 1
1 0 0 0 0
0 0 0 0 1
1 1 0 0 0
1 1 0 0 0
1 0 0 0 0
0 0 1 0 0
0 0 0 1 0
0 0 0 0 1
1 0 0 0 0
1 0 0 0 0
1 0 0 0 0
0 0 1 0 0
0 0 0 0 1
1 0 0 0 0
1 0 0 0 0
1 1 0 0 0
0 0 1 0 0
0 0 1 0 0
0 0 0 0 1
1 0 0 0 0
0 0 0 0 1
1 1 0 0 0
1 1 0 0 0
1 0 0 0 0
0 0 1 0 0
0 0 0 1 0
0 0 0 0 1
1 0 0 0 0
1 0 0 0 0
1 0 0 0 0
0 0 1 0 0
0 0 0 0 1
1 0 0 0 0
1 0 0 0 0
1 1 0 0 0
0 0 1 0 0
0 0 1 0 0
0 0 0 0 1
1 0 0 0 0
0 0 0 0 1
1 1 0 0 0
1 1 0 0 0
1 0 0 0 0
0 0 1 0 0
0 0 0 1 0
0 0 0 0 1
1 0 0 0 0
1 0 0 0 0
1 0 0 0 0
0 0 1 0 0
0 0 0 0 1
1 0 0 0 0
1 0 0 0 0
1 1 0 0 0
0 0 1 0 0
0 0 1 0 0
0 0 0 0 1
1 0 0 0 0
0 0 0 0 1
 - MEXP matrix : size 25x5
0.97 0.86 0.00 0.00 0.00
0.97 0.86 0.00 0.00 0.00
0.86 0.97 0.00 0.00 0.00
0.86 0.97 0.00 0.00 0.00
0.86 0.97 0.00 0.00 0.00
0.00 0.00 0.5 0.52 0.9
0.00 0.00 0.5 0.52 0.9
0.00 0.00 0.91 0.91 0.95
0.00 0.00 0.91 0.91 0.95
0.00 0.00 0.5 0.52 0.9
0.00 0.00 0.5 0.52 0.9
0.00 0.00 0.5 0.52 0.9
0.00 0.00 0.91 0.91 0.95
0.00 0.00 0.5 0.52 0.9
0.00 0.00 0.91 0.91 0.95
0.00 0.00 0.5 0.52 0.9
0.00 0.00 0.5 0.52 0.9
0.00 0.00 0.5 0.52 0.9
0.00 0.00 0.5 0.52 0.9
0.00 0.00 0.5 0.52 0.9
0.00 0.00 0.91 0.91 0.95
0.00 0.00 0.91 0.91 0.95
0.00 0.00 0.91 0.91 0.95
0.00 0.00 0.91 0.91 0.95
0.00 0.00 0.91 0.91 0.95
